4162
0 0 0 11
0 12 0 23
0 24 0 35
0 36 0 47
0 48 0 59
0 60 0 71
0 72 0 83
0 84 0 95
0 96 0 107
0 108 0 119
0 120 0 131
0 132 0 143
0 144 0 155
0 156 0 167
0 168 0 179
0 180 0 191
0 192 0 203
0 204 0 215
0 216 1 221
0 222 0 233
0 234 0 245
0 246 3 248
0 249 11 249
1 0 1 11
1 12 1 23
1 24 1 35
1 36 1 47
1 48 1 59
1 60 1 71
1 72 1 83
1 84 1 95
1 96 1 107
1 108 1 119
1 120 1 131
1 132 1 143
1 144 1 155
1 156 1 167
1 168 1 179
1 180 1 191
1 192 4 194
1 195 6 196
1 197 6 198
1 199 1 210
1 211 2 215
1 222 1 233
1 234 1 245
2 0 3 5
2 6 5 8
2 9 2 20
2 21 2 32
2 33 2 44
2 45 2 56
2 57 2 68
2 69 2 80
2 81 2 92
2 93 2 104
2 105 2 116
2 117 3 122
2 123 2 134
2 135 2 146
2 147 2 158
2 159 2 170
2 171 2 182
2 183 3 188
2 189 5 191
2 199 2 210
2 216 2 227
2 228 2 239
2 240 3 245
3 9 3 20
3 21 3 32
3 33 3 44
3 45 3 56
3 57 3 68
3 69 14 69
3 70 3 81
3 82 3 93
3 94 3 105
3 106 3 116
3 123 3 134
3 135 3 146
3 147 3 158
3 159 4 164
3 165 4 170
3 171 3 182
3 199 4 204
3 205 3 216
3 217 3 228
3 229 3 239
4 0 5 5
4 9 4 20
4 21 4 32
4 33 4 44
4 45 4 56
4 57 4 68
4 70 4 81
4 82 7 84
4 85 4 96
4 97 5 102
4 103 4 114
4 115 5 120
4 121 4 132
4 133 4 144
4 145 4 156
4 157 9 158
4 171 4 182
4 183 5 188
4 205 4 216
4 217 4 228
4 229 4 240
4 241 4 248
5 9 6 14
5 15 6 20
5 21 5 32
5 33 5 44
5 45 7 48
5 49 5 60
5 61 6 66
5 67 10 68
5 70 5 81
5 85 5 96
5 103 5 114
5 121 5 132
5 133 5 144
5 145 5 156
5 159 5 170
5 171 5 182
5 192 8 194
5 199 5 210
5 211 5 222
5 223 5 234
5 235 5 246
5 247 16 247
5 248 16 248
6 0 6 8
6 21 6 32
6 33 6 44
6 49 6 60
6 70 6 81
6 85 6 96
6 97 7 102
6 103 11 104
6 105 6 116
6 117 6 128
6 129 6 140
6 141 6 152
6 153 11 154
6 155 11 156
6 159 6 170
6 171 6 182
6 183 7 188
6 189 9 191
6 199 6 210
6 211 6 222
6 223 8 226
6 227 6 238
6 239 7 244
6 245 11 246
7 0 7 11
7 12 7 23
7 24 7 35
7 36 7 44
7 49 7 60
7 61 8 66
7 70 7 81
7 85 7 96
7 105 7 116
7 117 7 128
7 129 7 140
7 141 7 152
7 159 7 170
7 171 7 182
7 195 7 206
7 207 7 218
7 219 9 222
7 227 7 238
8 0 8 11
8 12 8 23
8 24 8 35
8 36 8 47
8 48 8 59
8 60 19 60
8 70 8 81
8 82 8 93
8 94 8 102
8 105 8 116
8 117 8 128
8 129 8 140
8 141 8 152
8 159 8 170
8 171 8 182
8 183 9 188
8 195 8 206
8 207 8 218
8 227 11 229
8 230 8 241
8 242 11 244
9 0 10 5
9 6 9 17
9 18 9 29
9 30 9 41
9 42 9 53
9 54 10 59
9 61 10 66
9 70 9 81
9 82 9 93
9 94 10 99
9 100 12 102
9 105 9 116
9 117 9 128
9 129 9 140
9 141 12 143
9 144 12 146
9 147 10 152
9 159 9 170
9 171 9 182
9 192 9 203
9 204 9 215
9 216 12 218
9 223 11 226
9 230 9 241
10 6 10 17
10 18 10 29
10 30 10 41
10 42 10 53
10 70 10 81
10 82 10 93
10 105 11 110
10 111 10 122
10 123 12 126
10 127 10 138
10 139 21 139
10 140 21 140
10 157 10 168
10 169 11 174
10 175 10 186
10 187 10 198
10 199 10 210
10 211 12 214
10 215 21 215
10 219 12 222
10 230 10 241
11 0 11 11
11 12 11 23
11 24 11 35
11 36 11 47
11 48 11 59
11 61 12 66
11 67 16 68
11 70 11 81
11 82 11 93
11 94 12 99
11 111 11 122
11 127 11 138
11 147 12 152
11 157 11 168
11 175 11 186
11 187 11 198
11 199 11 210
11 230 12 235
11 236 12 241
12 0 12 11
12 12 12 23
12 24 12 35
12 36 13 41
12 42 13 47
12 48 13 53
12 54 13 59
12 70 12 81
12 82 13 87
12 88 13 93
12 103 12 114
12 115 13 120
12 121 17 122
12 127 12 138
12 153 12 164
12 165 12 176
12 177 12 188
12 189 12 200
12 201 12 210
12 223 14 226
12 227 15 229
12 242 14 245
12 246 23 246
12 249 23 249
13 0 13 11
13 12 13 23
13 24 13 35
13 61 14 66
13 70 13 81
13 94 13 105
13 106 13 114
13 123 13 134
13 135 15 138
13 141 14 146
13 147 13 158
13 159 13 170
13 171 13 182
13 183 13 194
13 195 13 206
13 207 13 214
13 216 14 221
13 222 24 222
13 230 13 241
14 0 14 11
14 12 14 23
14 24 14 35
14 36 14 47
14 48 14 59
14 70 14 81
14 82 14 93
14 94 14 105
14 106 14 117
14 118 17 120
14 123 14 134
14 147 14 158
14 159 15 164
14 165 14 176
14 177 14 188
14 189 14 200
14 201 14 212
14 213 19 214
14 230 14 241
15 0 15 11
15 12 15 23
15 24 15 35
15 36 15 47
15 48 15 59
15 61 16 66
15 69 15 80
15 81 15 92
15 93 15 104
15 105 15 116
15 123 15 134
15 141 15 152
15 153 16 158
15 165 20 166
15 167 15 178
15 179 15 190
15 191 15 202
15 203 16 208
15 209 17 212
15 216 16 221
15 223 17 226
15 230 15 241
15 242 18 244
15 245 26 245
16 0 16 11
16 12 16 23
16 24 16 35
16 36 16 47
16 48 16 59
16 69 17 74
16 75 16 86
16 87 16 98
16 99 16 110
16 111 17 116
16 123 16 134
16 135 21 136
16 137 21 138
16 141 16 152
16 159 17 164
16 167 16 178
16 179 16 190
16 191 16 202
16 227 18 230
16 231 16 241
17 0 17 11
17 12 17 23
17 24 17 35
17 36 17 47
17 48 17 59
17 61 18 66
17 67 22 68
17 75 17 86
17 87 17 98
17 99 17 110
17 123 17 134
17 141 19 144
17 145 17 156
17 157 22 158
17 167 17 178
17 179 17 190
17 191 17 202
17 203 18 208
17 216 18 221
17 231 17 241
17 247 22 248
18 0 18 11
18 12 18 23
18 24 18 35
18 36 18 47
18 48 18 59
18 69 19 74
18 75 18 86
18 87 18 98
18 99 18 110
18 111 18 122
18 123 18 134
18 145 18 156
18 159 19 164
18 167 18 178
18 179 18 190
18 191 18 202
18 209 20 212
18 223 20 226
18 231 18 241
19 0 19 11
19 12 19 23
19 24 19 35
19 36 19 47
19 48 19 59
19 61 22 63
19 64 22 66
19 75 19 86
19 87 19 98
19 99 19 110
19 111 20 116
19 117 19 128
19 129 20 134
19 145 19 156
19 167 19 178
19 179 19 190
19 191 19 202
19 203 20 208
19 216 20 221
19 227 19 238
19 239 20 244
20 0 20 11
20 12 20 23
20 24 20 35
20 36 21 41
20 42 20 53
20 54 21 59
20 60 31 60
20 69 21 74
20 75 20 86
20 87 21 92
20 93 21 98
20 99 20 110
20 117 31 117
20 118 31 118
20 119 21 124
20 125 31 125
20 127 25 128
20 141 20 152
20 153 22 156
20 159 21 164
20 167 20 178
20 179 20 190
20 191 20 202
20 213 25 214
20 227 20 238
21 0 21 11
21 12 21 23
21 24 21 35
21 42 21 53
21 75 21 86
21 99 21 110
21 111 22 116
21 126 32 126
21 129 22 134
21 141 21 152
21 165 21 176
21 177 21 188
21 189 21 200
21 201 21 212
21 216 22 221
21 223 21 234
21 235 22 240
21 241 23 244
22 0 22 11
22 12 22 23
22 24 22 35
22 36 22 47
22 48 22 59
22 69 22 80
22 81 22 92
22 93 22 104
22 105 23 110
22 119 23 124
22 135 22 146
22 147 23 152
22 159 22 170
22 171 22 182
22 183 22 194
22 195 22 206
22 207 23 212
22 223 22 234
23 0 23 11
23 12 23 23
23 24 23 35
23 36 23 47
23 48 23 59
23 61 23 72
23 73 23 84
23 85 23 96
23 97 24 102
23 103 28 104
23 111 26 113
23 114 26 116
23 129 23 140
23 141 24 146
23 153 23 164
23 165 23 176
23 177 23 188
23 189 23 200
23 201 24 206
23 215 24 220
23 221 34 221
23 223 23 234
23 235 24 240
23 247 28 248
24 0 24 11
24 12 24 23
24 24 24 35
24 36 24 47
24 48 24 59
24 61 24 72
24 73 24 84
24 85 24 96
24 105 25 110
24 119 25 124
24 129 24 140
24 147 24 158
24 159 24 170
24 171 24 182
24 183 24 194
24 195 25 200
24 207 25 212
24 223 24 234
24 241 26 244
24 246 35 246
24 249 35 249
25 0 25 11
25 12 25 23
25 24 25 35
25 36 25 47
25 48 25 59
25 61 25 72
25 73 25 84
25 85 28 87
25 88 25 99
25 100 28 102
25 129 25 140
25 141 25 152
25 153 27 156
25 157 25 168
25 169 25 180
25 181 25 192
25 193 30 194
25 201 36 201
25 202 36 202
25 203 36 203
25 204 28 206
25 215 26 220
25 222 25 233
25 234 26 239
26 0 26 11
26 12 26 23
26 24 26 35
26 36 26 47
26 48 26 59
26 61 26 72
26 73 26 84
26 88 26 99
26 105 27 110
26 119 27 124
26 127 26 138
26 139 26 150
26 151 31 152
26 157 26 168
26 169 26 180
26 181 27 186
26 187 27 192
26 195 28 198
26 200 37 200
26 207 26 214
26 222 26 233
26 240 37 240
27 0 27 11
27 12 27 23
27 24 28 29
27 30 29 33
27 34 27 45
27 46 27 57
27 58 32 59
27 61 27 72
27 73 29 76
27 77 28 82
27 83 32 84
27 88 28 93
27 94 28 99
27 111 28 116
27 127 27 138
27 139 27 150
27 157 27 168
27 169 28 174
27 175 28 180
27 207 27 218
27 219 32 220
27 222 27 233
27 234 28 239
27 241 28 245
28 0 28 11
28 12 28 23
28 34 28 45
28 46 28 57
28 61 28 72
28 105 29 110
28 119 30 122
28 123 39 123
28 124 39 124
28 127 30 130
28 131 29 136
28 137 28 148
28 149 33 150
28 153 28 164
28 165 30 168
28 181 28 192
28 207 28 218
28 222 29 227
28 228 30 231
28 232 33 233
29 0 29 11
29 12 29 23
29 24 30 29
29 34 29 45
29 46 29 57
29 61 29 72
29 77 31 80
29 82 40 82
29 85 29 96
29 97 29 104
29 111 30 116
29 137 29 148
29 153 29 164
29 169 29 180
29 181 30 186
29 187 30 192
29 195 30 199
29 204 29 215
29 216 32 218
29 234 30 239
29 241 31 244
29 245 40 245
29 247 40 247
30 0 30 11
30 12 30 23
30 30 30 41
30 42 30 53
30 54 32 57
30 61 30 72
30 74 33 76
30 85 30 96
30 97 30 108
30 109 35 110
30 131 30 142
30 143 31 148
30 153 30 164
30 169 30 180
30 204 30 215
30 222 31 227
30 248 41 248
31 0 31 11
31 12 31 23
31 24 32 29
31 30 31 41
31 42 33 45
31 46 33 49
31 50 34 52
31 61 31 72
31 85 31 96
31 97 31 108
31 111 32 116
31 119 33 122
31 127 31 138
31 139 33 142
31 153 31 164
31 165 31 176
31 177 31 188
31 189 36 190
31 191 34 193
31 194 32 199
31 204 31 215
31 228 33 231
31 234 32 239
32 0 32 11
32 12 32 23
32 30 32 41
32 60 32 71
32 72 37 73
32 77 33 81
32 85 32 96
32 97 32 108
32 117 37 118
32 125 43 125
32 127 32 138
32 143 33 148
32 151 32 162
32 163 32 174
32 175 32 186
32 187 37 188
32 204 32 215
32 222 33 227
32 241 34 244
33 0 33 11
33 12 33 23
33 24 34 29
33 30 34 35
33 36 35 39
33 40 38 41
33 53 33 64
33 65 35 68
33 69 38 70
33 71 44 71
33 83 33 94
33 95 33 106
33 107 38 108
33 111 34 116
33 126 33 137
33 138 44 138
33 151 33 162
33 163 33 174
33 175 33 186
33 194 35 197
33 198 38 199
33 204 35 207
33 208 33 219
33 220 44 220
33 234 34 239
34 0 36 3
34 4 36 7
34 8 35 13
34 14 35 19
34 20 37 22
34 42 35 47
34 48 39 49
34 53 34 64
34 74 35 79
34 80 39 81
34 83 34 94
34 95 45 95
34 97 36 100
34 101 39 102
34 103 39 104
34 105 39 106
34 119 36 122
34 126 34 137
34 139 34 150
34 151 34 162
34 163 36 166
34 167 34 178
34 179 37 181
34 182 37 184
34 185 39 186
34 208 34 219
34 222 35 227
34 228 35 233
35 23 35 34
35 35 46 35
35 50 35 61
35 62 46 62
35 63 46 63
35 64 46 64
35 83 35 94
35 111 36 116
35 126 35 137
35 139 35 150
35 151 35 162
35 167 35 178
35 191 38 193
35 208 35 219
35 221 46 221
35 234 36 239
35 241 37 244
36 8 39 10
36 11 38 14
36 15 38 18
36 23 36 34
36 36 38 39
36 42 38 45
36 46 41 47
36 50 36 61
36 65 38 68
36 74 37 79
36 83 36 94
36 109 41 110
36 126 36 137
36 139 36 150
36 151 36 162
36 167 36 178
36 194 38 197
36 204 36 215
36 216 38 219
36 222 41 223
36 224 47 224
36 225 41 226
36 227 37 232
36 233 47 233
36 246 47 246
36 249 47 249
37 0 38 5
37 6 42 7
37 23 37 34
37 50 39 53
37 54 38 59
37 60 42 61
37 83 37 94
37 96 40 98
37 99 48 99
37 111 38 116
37 119 39 122
37 126 37 137
37 139 37 150
37 151 38 156
37 157 37 168
37 169 37 178
37 189 42 190
37 201 37 212
37 213 40 215
37 234 38 239
38 19 38 30
38 31 40 34
38 72 39 77
38 78 43 79
38 83 38 94
38 117 49 117
38 126 38 137
38 139 38 150
38 157 38 168
38 169 38 180
38 181 40 184
38 187 43 188
38 200 39 205
38 206 43 207
38 209 43 210
38 211 49 211
38 227 39 232
38 240 39 244
39 0 40 5
39 11 39 22
39 23 40 28
39 29 44 30
39 36 42 38
39 39 40 44
39 45 50 45
39 54 41 57
39 58 44 59
39 65 40 70
39 83 39 94
39 107 44 108
39 111 40 116
39 126 39 137
39 139 39 150
39 151 39 162
39 163 39 174
39 175 41 178
39 179 44 180
39 191 39 199
39 208 50 208
39 216 41 219
39 234 40 239
40 8 40 19
40 20 43 22
40 48 41 53
40 72 41 77
40 80 45 81
40 83 40 94
40 100 41 105
40 106 51 106
40 118 41 123
40 124 51 124
40 126 40 137
40 139 40 150
40 151 40 162
40 163 40 174
40 185 45 186
40 191 40 202
40 203 43 205
40 212 51 212
40 227 41 232
40 240 41 244
41 0 42 5
41 8 41 19
41 23 42 28
41 31 43 34
41 39 46 40
41 41 43 44
41 65 42 70
41 82 41 93
41 94 52 94
41 96 44 98
41 111 42 116
41 126 42 131
41 132 42 137
41 139 41 150
41 151 41 162
41 163 41 174
41 181 52 181
41 182 52 182
41 183 46 184
41 191 41 202
41 213 44 215
41 234 42 239
41 245 52 245
41 247 52 247
42 8 44 11
42 12 43 17
42 18 53 18
42 46 42 57
42 72 43 77
42 82 43 87
42 88 43 93
42 100 43 105
42 109 47 110
42 118 43 123
42 139 42 150
42 151 43 156
42 157 42 168
42 169 43 174
42 175 45 177
42 178 53 178
42 191 42 202
42 216 53 216
42 217 45 219
42 222 47 223
42 225 42 232
42 240 44 243
42 248 53 248
43 0 44 5
43 6 48 7
43 23 44 28
43 36 46 38
43 46 43 57
43 60 48 61
43 65 44 70
43 111 44 116
43 126 43 137
43 139 43 150
43 157 43 168
43 189 43 200
43 201 54 201
43 225 44 230
43 231 48 232
43 234 44 239
44 12 45 17
44 19 46 22
44 31 46 34
44 41 46 44
44 46 44 57
44 72 45 77
44 78 49 79
44 82 44 93
44 100 45 105
44 118 45 123
44 125 44 136
44 137 55 137
44 139 45 144
44 145 44 156
44 157 44 168
44 169 45 174
44 187 44 198
44 199 49 200
44 202 45 207
44 209 49 210
45 0 46 5
45 8 47 11
45 23 46 28
45 29 50 30
45 46 45 57
45 58 50 59
45 65 46 70
45 71 56 71
45 82 45 93
45 96 48 98
45 107 50 108
45 111 46 116
45 125 46 130
45 131 46 136
45 138 56 138
45 145 45 156
45 157 45 168
45 179 50 180
45 187 45 198
45 213 48 215
45 220 56 220
45 225 46 230
45 234 46 239
45 240 46 244
46 12 47 17
46 46 46 57
46 72 47 77
46 80 46 91
46 92 51 93
46 95 57 95
46 100 47 105
46 118 47 123
46 139 46 150
46 151 46 162
46 163 46 174
46 175 49 177
46 185 46 196
46 197 51 198
46 202 47 207
46 217 49 219
47 0 48 5
47 19 47 28
47 31 48 36
47 37 48 42
47 43 52 44
47 46 49 49
47 50 48 55
47 56 52 57
47 62 48 67
47 68 50 70
47 80 47 91
47 111 48 116
47 125 47 136
47 139 47 150
47 151 47 162
47 163 47 174
47 183 47 194
47 195 52 196
47 221 58 221
47 225 48 230
47 235 48 240
47 241 52 242
47 244 58 244
48 8 49 13
48 14 50 17
48 19 48 28
48 72 49 77
48 80 48 91
48 100 49 105
48 109 53 110
48 118 49 123
48 125 48 136
48 139 49 144
48 145 48 156
48 157 48 168
48 169 49 174
48 183 48 194
48 202 49 207
48 222 51 224
48 233 53 234
48 246 59 246
48 249 59 249
49 0 49 7
49 19 49 28
49 31 49 42
49 50 51 53
49 54 54 55
49 60 51 63
49 64 51 67
49 80 50 85
49 86 50 91
49 96 51 99
49 111 51 114
49 115 54 116
49 125 49 136
49 145 49 156
49 157 49 168
49 183 51 186
49 187 50 192
49 193 54 194
49 213 52 215
49 225 50 230
49 231 54 232
49 235 50 240
50 0 50 11
50 12 55 13
50 19 52 22
50 23 51 28
50 31 50 42
50 46 52 49
50 72 50 79
50 100 55 101
50 102 52 105
50 117 51 122
50 125 50 136
50 139 50 150
50 151 50 162
50 163 50 174
50 175 53 177
50 199 55 200
50 202 51 207
50 209 53 211
50 217 53 219
51 0 51 11
51 14 53 17
51 29 51 40
51 41 62 41
51 45 62 45
51 58 56 59
51 68 56 69
51 70 62 70
51 72 51 83
51 84 54 86
51 87 54 89
51 90 56 91
51 107 56 108
51 125 51 136
51 139 51 150
51 151 53 154
51 155 51 166
51 167 52 172
51 173 56 174
51 179 56 180
51 187 52 192
51 208 62 208
51 225 52 230
51 235 56 236
51 237 62 237
51 238 62 238
51 239 62 239
51 243 62 243
52 0 52 11
52 23 52 34
52 35 53 40
52 50 55 52
52 53 63 53
52 60 53 65
52 66 57 67
52 72 52 83
52 92 57 93
52 96 54 99
52 106 63 106
52 111 55 113
52 114 63 114
52 117 52 128
52 129 53 134
52 135 63 135
52 136 63 136
52 139 52 150
52 155 52 166
52 183 54 186
52 197 57 198
52 202 53 207
52 212 63 212
52 222 55 224
53 0 53 11
53 19 53 30
53 31 55 34
53 42 56 44
53 46 55 49
53 56 58 57
53 72 53 83
53 94 64 94
53 102 55 105
53 117 53 128
53 139 53 150
53 155 54 160
53 161 53 172
53 181 64 181
53 182 64 182
53 187 54 192
53 195 58 196
53 213 56 215
53 225 55 228
53 229 64 229
53 230 64 230
53 240 56 242
53 247 64 247
54 0 54 11
54 14 54 25
54 26 55 30
54 35 55 40
54 60 57 62
54 63 57 65
54 72 54 83
54 109 59 110
54 117 54 128
54 129 55 134
54 139 54 150
54 151 56 154
54 161 54 172
54 175 56 178
54 202 55 207
54 209 59 210
54 211 65 211
54 216 56 219
54 233 59 234
54 248 65 248
55 0 55 11
55 14 55 25
55 54 60 55
55 72 60 73
55 74 56 79
55 80 56 85
55 86 58 88
55 89 66 89
55 96 57 99
55 115 56 120
55 121 56 126
55 127 60 128
55 139 55 150
55 155 55 166
55 167 56 172
55 183 56 188
55 189 56 194
55 201 66 201
55 231 60 232
56 0 56 11
56 12 56 23
56 24 58 27
56 28 56 39
56 40 67 40
56 46 57 51
56 52 67 52
56 100 57 105
56 111 61 112
56 113 67 113
56 129 57 134
56 137 67 137
56 139 56 150
56 155 56 166
56 199 61 200
56 202 57 207
56 222 57 227
57 0 57 11
57 12 58 17
57 18 62 19
57 20 68 20
57 21 60 23
57 28 57 39
57 42 60 44
57 58 62 59
57 68 62 69
57 71 68 71
57 74 57 85
57 90 62 91
57 107 68 107
57 108 68 108
57 115 57 126
57 138 58 143
57 144 57 155
57 156 57 167
57 168 57 179
57 180 68 180
57 183 57 194
57 213 58 218
57 219 62 220
57 241 62 242
57 245 68 245
58 0 58 11
58 28 58 39
58 46 59 51
58 60 59 65
58 66 63 67
58 74 58 85
58 92 63 93
58 95 58 105
58 115 58 126
58 129 59 134
58 144 58 155
58 156 58 167
58 168 58 179
58 183 58 194
58 197 63 198
58 202 61 204
58 205 61 207
58 222 61 224
58 225 60 228
58 235 69 235
58 240 69 240
59 0 59 11
59 12 60 17
59 24 59 35
59 36 61 39
59 56 70 56
59 57 70 57
59 74 59 85
59 86 62 88
59 95 59 105
59 115 59 126
59 138 59 149
59 150 59 161
59 162 59 173
59 174 60 179
59 183 59 194
59 195 64 196
59 213 60 218
59 221 70 221
59 244 70 244
60 0 61 5
60 6 61 11
60 24 60 35
60 46 61 51
60 60 61 65
60 74 60 85
60 95 62 98
60 99 61 104
60 105 71 105
60 109 65 110
60 116 65 117
60 118 65 119
60 120 61 125
60 126 71 126
60 129 61 134
60 138 60 149
60 150 60 161
60 162 60 173
60 183 60 194
60 209 65 210
60 233 65 234
60 246 71 246
60 249 71 249
61 12 62 17
61 21 62 26
61 27 62 32
61 33 64 35
61 42 64 44
61 54 66 55
61 72 61 83
61 84 66 85
61 127 72 127
61 138 61 149
61 150 61 161
61 162 61 173
61 174 62 179
61 183 61 194
61 213 62 218
61 225 63 228
61 231 66 232
62 0 62 11
62 36 65 38
62 39 73 39
62 46 63 51
62 60 63 65
62 72 63 77
62 78 64 81
62 82 67 83
62 99 63 104
62 111 67 112
62 120 63 125
62 129 65 131
62 132 65 134
62 138 62 149
62 150 62 161
62 162 62 173
62 183 62 194
62 199 67 200
62 202 63 207
62 222 65 224
63 0 64 5
63 6 63 17
63 18 68 19
63 21 63 32
63 45 74 45
63 59 74 59
63 68 66 70
63 86 66 88
63 90 68 91
63 95 66 97
63 98 74 98
63 128 74 128
63 138 64 143
63 144 63 155
63 156 63 167
63 168 63 179
63 183 63 194
63 208 74 208
63 213 63 220
63 237 68 238
63 241 66 243
64 6 65 11
64 12 67 14
64 15 69 16
64 17 75 17
64 21 65 26
64 27 66 30
64 31 69 32
64 41 75 41
64 46 65 51
64 53 75 53
64 58 75 58
64 60 65 65
64 66 69 67
64 72 65 77
64 92 69 93
64 99 65 104
64 106 75 106
64 114 69 115
64 120 65 125
64 135 69 136
64 144 64 155
64 156 64 167
64 168 67 170
64 171 65 176
64 177 67 179
64 183 65 188
64 189 65 194
64 197 75 197
64 202 65 207
64 212 65 217
64 218 67 220
64 225 66 228
65 0 66 5
65 33 68 35
65 42 68 44
65 78 68 80
65 81 76 81
65 94 76 94
65 138 65 149
65 150 65 161
65 162 66 167
65 181 70 182
65 195 70 196
65 229 70 230
65 247 76 247
66 6 67 11
66 21 67 26
66 36 69 38
66 46 67 51
66 60 67 65
66 72 67 77
66 99 67 104
66 109 77 109
66 110 77 110
66 116 67 121
66 122 68 125
66 129 67 134
66 138 66 149
66 150 66 161
66 171 67 176
66 183 66 194
66 202 67 207
66 209 66 217
66 222 77 222
66 223 71 224
66 233 71 234
66 248 77 248
67 0 68 5
67 27 69 30
67 54 72 55
67 68 70 70
67 84 68 89
67 95 78 95
67 96 72 97
67 138 67 149
67 150 67 161
67 162 68 167
67 183 67 194
67 198 78 198
67 209 68 214
67 215 70 217
67 225 69 228
67 231 72 232
67 236 78 236
67 241 70 243
68 6 69 11
68 12 71 14
68 21 70 24
68 25 73 26
68 40 79 40
68 46 69 51
68 52 79 52
68 60 69 65
68 72 69 77
68 82 73 83
68 99 69 104
68 111 71 113
68 116 71 118
68 119 71 121
68 129 69 134
68 137 68 148
68 149 68 160
68 161 79 161
68 168 68 179
68 183 68 194
68 199 68 207
68 218 71 220
69 0 70 5
69 18 72 20
69 33 72 35
69 42 72 44
69 71 80 71
69 78 72 80
69 84 70 89
69 90 74 91
69 107 74 108
69 122 71 125
69 137 69 148
69 149 69 160
69 162 69 173
69 174 70 179
69 180 80 180
69 183 69 194
69 199 69 207
69 209 70 214
69 237 74 238
69 245 80 245
70 6 71 11
70 15 75 16
70 27 71 32
70 36 73 38
70 47 72 50
70 51 81 51
70 60 71 65
70 66 75 67
70 72 71 77
70 92 75 93
70 99 71 104
70 114 75 115
70 129 70 140
70 141 70 152
70 153 81 153
70 154 81 154
70 156 81 156
70 157 72 160
70 162 71 167
70 168 71 173
70 183 70 194
70 199 71 204
70 205 73 207
70 225 81 225
70 226 73 228
70 235 81 235
71 0 74 2
71 3 74 5
71 21 73 24
71 46 82 46
71 56 76 57
71 68 76 69
71 84 72 89
71 129 71 140
71 141 71 152
71 174 72 179
71 181 71 192
71 193 73 196
71 209 71 217
71 229 76 230
71 239 72 244
72 6 72 14
72 27 73 32
72 60 73 65
72 72 73 77
72 99 73 104
72 105 83 105
72 111 75 113
72 116 72 126
72 129 72 140
72 141 72 152
72 162 72 173
72 181 72 192
72 199 73 204
72 209 72 220
72 223 83 223
72 224 83 224
72 233 77 234
72 246 83 246
72 249 83 249
73 6 73 14
73 18 76 20
73 33 76 35
73 42 78 43
73 44 84 44
73 47 75 50
73 54 78 55
73 78 76 80
73 84 75 87
73 88 78 89
73 96 78 97
73 116 73 127
73 129 73 140
73 141 73 152
73 157 75 160
73 162 73 173
73 174 74 179
73 181 73 192
73 209 73 220
73 231 78 232
73 239 74 244
74 6 75 11
74 12 77 14
74 21 74 32
74 36 79 37
74 38 79 39
74 60 75 65
74 72 75 77
74 82 79 83
74 99 75 104
74 116 74 127
74 129 74 140
74 141 79 142
74 143 75 148
74 149 76 152
74 162 74 173
74 181 74 192
74 193 76 196
74 199 74 207
74 209 75 214
74 215 75 220
74 226 79 227
74 228 85 228
75 0 76 5
75 21 75 32
75 59 86 59
75 90 80 91
75 98 86 98
75 107 80 108
75 116 75 127
75 128 75 139
75 140 86 140
75 162 75 173
75 174 76 179
75 181 75 192
75 199 75 208
75 237 76 242
75 243 80 244
76 6 77 11
76 15 79 17
76 21 76 32
76 41 87 41
76 48 79 50
76 53 87 53
76 58 87 58
76 60 76 67
76 72 77 77
76 84 79 86
76 92 81 93
76 99 77 104
76 106 87 106
76 111 76 122
76 123 76 134
76 135 78 138
76 143 78 146
76 147 81 148
76 155 87 155
76 157 79 159
76 160 87 160
76 162 76 173
76 181 76 192
76 197 87 197
76 199 76 210
76 211 77 216
76 217 77 221
77 0 78 5
77 18 77 29
77 30 78 35
77 47 88 47
77 56 82 57
77 60 77 70
77 78 79 81
77 94 88 94
77 111 79 114
77 115 80 117
77 118 77 129
77 130 78 134
77 139 88 139
77 149 82 150
77 151 82 152
77 162 77 173
77 174 78 179
77 181 77 192
77 193 82 194
77 199 77 210
77 229 88 229
77 230 88 230
77 237 78 242
77 247 88 247
78 6 80 9
78 10 83 11
78 13 83 14
78 18 78 29
78 60 78 70
78 72 80 75
78 99 79 104
78 109 83 110
78 118 78 129
78 162 78 173
78 181 78 192
78 199 78 210
78 211 83 212
78 213 83 214
78 215 79 220
78 221 83 222
78 234 89 234
78 248 89 248
79 0 80 5
79 18 79 29
79 30 80 35
79 42 84 43
79 54 84 55
79 60 79 70
79 76 90 76
79 87 82 89
79 95 82 97
79 118 79 129
79 130 80 135
79 136 82 138
79 143 82 145
79 146 90 146
79 162 79 173
79 174 80 179
79 181 79 192
79 198 79 209
79 210 90 210
79 231 82 233
79 236 80 241
79 242 90 242
80 15 80 26
80 27 83 29
80 36 81 40
80 48 83 50
80 52 91 52
80 60 81 65
80 66 81 70
80 77 81 82
80 83 82 86
80 99 81 104
80 111 82 114
80 118 80 129
80 141 91 141
80 142 91 142
80 157 83 159
80 161 80 172
80 173 91 173
80 181 80 192
80 198 80 209
80 215 82 218
80 219 85 220
80 226 85 227
81 0 81 9
81 15 81 26
81 30 82 35
81 71 82 75
81 90 86 91
81 107 86 108
81 115 81 126
81 127 82 132
81 133 84 135
81 161 81 172
81 174 81 185
81 186 82 191
81 192 92 192
81 198 81 209
81 236 82 241
81 243 84 245
82 0 82 9
82 15 82 26
82 36 83 40
82 51 93 51
82 60 82 70
82 77 83 82
82 92 87 93
82 99 83 104
82 115 82 126
82 147 87 148
82 153 87 154
82 156 93 156
82 161 84 164
82 165 83 170
82 171 87 172
82 174 82 185
82 198 82 209
82 225 93 225
82 235 93 235
83 0 83 9
83 12 94 12
83 15 83 26
83 30 84 35
83 46 94 46
83 56 88 57
83 60 83 71
83 72 85 75
83 83 85 86
83 87 86 89
83 95 86 97
83 111 83 122
83 123 83 132
83 136 86 138
83 143 86 145
83 149 85 152
83 174 83 185
83 186 84 191
83 193 85 196
83 198 84 203
83 204 84 209
83 215 85 218
83 231 88 232
83 233 94 233
83 236 84 241
84 0 84 11
84 13 84 24
84 25 85 29
84 36 86 39
84 40 95 40
84 45 95 45
84 48 87 50
84 60 85 65
84 66 85 71
84 77 85 82
84 99 85 104
84 105 95 105
84 109 84 120
84 121 84 132
84 157 89 158
84 159 95 159
84 165 85 170
84 174 84 185
84 211 86 214
84 221 87 223
84 224 95 224
85 0 86 5
85 6 86 11
85 13 85 24
85 30 86 35
85 42 88 44
85 54 90 55
85 109 86 114
85 115 86 120
85 121 85 132
85 133 88 135
85 161 87 164
85 174 85 185
85 186 86 191
85 198 85 209
85 236 86 241
85 243 87 246
86 13 86 24
86 25 88 28
86 29 97 29
86 60 87 65
86 66 87 71
86 72 88 75
86 77 86 86
86 99 87 104
86 121 86 132
86 149 91 150
86 151 97 151
86 152 97 152
86 165 88 168
86 169 91 170
86 174 86 185
86 193 97 193
86 194 97 194
86 195 97 195
86 198 86 209
86 215 89 217
86 218 89 220
86 226 89 228
86 249 97 249
87 0 87 11
87 13 88 18
87 19 88 24
87 30 88 35
87 36 90 38
87 59 98 59
87 77 87 88
87 89 90 91
87 95 89 98
87 107 87 118
87 119 88 124
87 125 88 130
87 131 92 132
87 136 90 138
87 143 90 145
87 174 87 185
87 186 88 191
87 198 88 203
87 204 88 209
87 211 89 214
87 236 88 241
88 0 88 11
88 39 99 39
88 41 99 41
88 48 91 50
88 53 99 53
88 60 88 71
88 77 88 88
88 92 93 93
88 99 89 104
88 106 90 109
88 110 88 118
88 140 99 140
88 147 99 147
88 148 99 148
88 153 91 155
88 160 90 163
88 164 99 164
88 171 93 172
88 174 88 185
88 197 99 197
88 221 93 222
88 223 99 223
88 243 91 245
88 246 99 246
89 0 89 11
89 13 100 13
89 14 100 14
89 15 92 17
89 18 89 28
89 30 90 35
89 42 100 42
89 47 100 47
89 56 92 58
89 60 89 71
89 72 91 75
89 77 89 88
89 110 89 121
89 122 89 130
89 133 92 135
89 139 100 139
89 165 91 168
89 174 89 185
89 186 90 191
89 198 90 203
89 204 90 209
89 229 91 232
89 236 90 241
89 247 100 247
90 0 90 11
90 18 90 28
90 60 90 71
90 77 90 88
90 94 90 104
90 110 90 121
90 122 91 127
90 128 93 130
90 157 95 158
90 174 90 185
90 196 101 196
90 211 90 220
90 226 93 228
90 234 101 234
90 248 101 248
91 0 91 11
91 18 91 28
91 30 91 38
91 54 96 55
91 60 91 71
91 76 91 87
91 88 93 91
91 94 91 104
91 106 91 117
91 118 93 121
91 136 94 138
91 143 93 146
91 160 93 163
91 174 93 177
91 178 91 189
91 190 96 191
91 198 91 209
91 210 91 220
91 236 92 241
91 242 102 242
92 0 92 11
92 18 93 23
92 24 94 27
92 30 92 38
92 43 97 44
92 48 95 50
92 52 103 52
92 60 92 71
92 72 92 83
92 84 94 87
92 94 92 104
92 106 92 117
92 122 93 127
92 141 97 142
92 149 97 150
92 153 95 155
92 165 93 170
92 178 92 189
92 198 92 209
92 210 92 220
92 229 95 231
92 232 103 232
92 243 95 245
93 0 93 11
93 15 98 16
93 17 104 17
93 30 93 38
93 56 96 58
93 60 93 71
93 72 94 77
93 78 94 83
93 94 93 104
93 106 94 111
93 112 94 117
93 131 94 135
93 178 93 189
93 192 104 192
93 198 93 209
93 210 93 220
93 236 94 241
94 0 94 11
94 18 95 23
94 28 105 28
94 30 95 35
94 36 97 38
94 51 105 51
94 60 94 71
94 88 94 99
94 100 96 103
94 104 105 104
94 118 94 129
94 130 105 130
94 143 96 146
94 160 96 163
94 165 94 176
94 177 94 188
94 189 105 189
94 198 94 209
94 210 94 221
94 222 105 222
94 225 96 228
94 235 105 235
95 0 95 11
95 12 106 12
95 24 97 27
95 46 106 46
95 60 95 71
95 72 95 83
95 84 95 95
95 96 97 99
95 106 95 117
95 118 95 129
95 131 96 136
95 137 100 138
95 165 95 176
95 177 96 182
95 183 97 186
95 187 100 188
95 198 95 209
95 210 95 221
95 233 106 233
95 236 96 241
96 0 96 11
96 18 99 20
96 21 99 23
96 30 97 35
96 40 107 40
96 45 107 45
96 48 99 50
96 60 97 65
96 66 98 69
96 70 96 81
96 82 96 93
96 94 101 95
96 105 96 116
96 117 97 122
96 123 97 128
96 129 107 129
96 153 98 156
96 157 99 159
96 165 96 176
96 198 96 209
96 210 96 221
96 224 107 224
96 229 99 231
96 243 99 245
97 0 102 1
97 2 100 4
97 5 99 8
97 9 100 11
97 54 98 58
97 70 97 81
97 82 97 93
97 100 99 103
97 105 98 110
97 111 99 114
97 115 108 115
97 116 108 116
97 131 99 134
97 135 102 136
97 143 99 146
97 160 102 161
97 162 102 163
97 165 97 176
97 177 98 182
97 190 102 191
97 198 97 209
97 210 97 221
97 225 99 228
97 236 98 241
98 24 100 27
98 29 98 38
98 43 109 43
98 44 109 44
98 60 99 65
98 70 98 81
98 82 98 93
98 96 100 99
98 117 98 128
98 141 103 142
98 149 100 152
98 165 98 176
98 183 100 186
98 193 101 195
98 198 99 203
98 204 98 215
98 216 99 221
99 15 104 16
99 29 99 38
99 54 100 59
99 66 99 77
99 78 99 89
99 90 101 93
99 105 100 110
99 117 99 128
99 153 101 156
99 165 99 176
99 177 100 182
99 204 99 215
99 236 101 239
99 240 104 241
100 5 102 8
100 18 101 23
100 29 100 39
100 41 111 41
100 48 103 50
100 53 111 53
100 60 100 71
100 72 100 83
100 84 101 89
100 100 102 103
100 111 102 114
100 117 100 128
100 131 102 134
100 140 111 140
100 143 101 148
100 157 103 159
100 164 100 175
100 176 111 176
100 197 100 208
100 209 100 220
100 223 111 223
100 225 101 230
100 231 111 231
100 243 102 246
101 2 104 4
101 9 104 11
101 13 106 14
101 24 103 27
101 29 101 39
101 42 112 42
101 54 101 65
101 66 101 77
101 78 102 83
101 96 103 99
101 105 102 110
101 117 101 128
101 137 104 139
101 149 104 151
101 152 112 152
101 164 101 175
101 177 101 188
101 197 101 208
101 209 101 220
101 247 112 247
102 18 103 23
102 29 102 39
102 54 102 65
102 66 113 66
102 68 105 70
102 71 103 76
102 77 113 77
102 84 102 95
102 117 102 128
102 143 103 148
102 153 104 156
102 164 102 175
102 177 102 188
102 193 102 204
102 205 102 216
102 217 103 221
102 225 103 230
102 234 113 234
102 236 104 239
102 248 107 249
103 0 114 0
103 1 114 1
103 5 105 8
103 29 103 39
103 54 103 65
103 78 103 89
103 90 105 93
103 94 108 95
103 100 105 103
103 105 103 114
103 117 103 128
103 131 104 136
103 160 103 171
103 172 105 175
103 177 104 182
103 183 104 188
103 190 108 191
103 193 106 195
103 196 104 201
103 202 103 213
103 214 108 215
103 242 104 246
104 18 105 23
104 24 106 27
104 29 104 39
104 47 106 50
104 52 115 52
104 54 104 65
104 71 105 76
104 78 104 89
104 96 106 99
104 105 104 114
104 117 104 128
104 141 104 148
104 157 104 168
104 170 115 170
104 171 115 171
104 202 104 213
104 216 105 221
104 225 106 228
104 229 109 230
105 2 108 4
105 9 110 10
105 11 116 11
105 15 108 17
105 29 105 39
105 54 105 65
105 78 105 89
105 105 105 114
105 117 105 128
105 131 105 139
105 141 105 151
105 153 105 164
105 165 107 168
105 177 105 188
105 192 116 192
105 196 106 201
105 202 105 213
105 236 105 246
106 5 108 8
106 18 109 20
106 21 109 23
106 28 106 39
106 51 117 51
106 54 106 65
106 67 107 72
106 73 108 76
106 78 106 89
106 90 108 93
106 100 106 111
106 112 109 114
106 117 106 128
106 130 107 135
106 136 108 139
106 141 107 146
106 147 111 148
106 149 117 149
106 150 111 151
106 153 106 164
106 169 117 169
106 172 109 174
106 177 106 188
106 189 117 189
106 202 107 207
106 208 107 213
106 216 107 221
106 222 117 222
106 235 106 246
107 12 110 14
107 24 107 35
107 36 109 39
107 46 108 50
107 54 107 65
107 78 107 89
107 96 107 107
107 108 109 111
107 117 107 128
107 153 107 164
107 177 107 188
107 193 108 198
107 199 110 201
107 225 109 228
107 232 112 233
107 235 107 246
108 24 109 29
108 30 110 33
108 34 113 35
108 40 119 40
108 45 119 45
108 54 108 65
108 67 109 72
108 78 108 89
108 96 108 107
108 117 108 128
108 129 110 132
108 133 111 135
108 141 109 146
108 153 108 164
108 165 110 168
108 175 119 175
108 177 108 188
108 202 108 213
108 216 109 221
108 224 119 224
108 235 108 246
108 248 113 249
109 2 110 7
109 8 120 8
109 15 112 17
109 46 110 50
109 54 109 65
109 73 111 76
109 78 109 89
109 90 109 101
109 102 111 105
109 106 114 107
109 115 110 120
109 121 111 124
109 125 111 128
109 136 111 139
109 153 109 164
109 177 109 188
109 190 114 191
109 193 110 198
109 202 110 207
109 208 110 213
109 214 114 215
109 235 109 246
110 18 110 29
110 36 115 37
110 38 115 39
110 43 115 44
110 54 110 65
110 67 111 72
110 78 110 89
110 90 110 101
110 108 111 113
110 141 112 144
110 145 115 146
110 153 110 164
110 172 113 174
110 177 110 188
110 216 111 221
110 225 111 230
110 235 110 246
111 2 112 7
111 9 116 10
111 12 114 14
111 18 111 29
111 30 113 33
111 46 112 50
111 54 111 65
111 78 111 89
111 90 111 101
111 114 112 119
111 120 122 120
111 129 113 132
111 153 112 158
111 159 112 164
111 165 114 167
111 168 122 168
111 177 111 188
111 193 111 204
111 205 112 210
111 211 114 213
111 235 111 246
112 18 112 29
112 53 112 64
112 65 123 65
112 67 117 68
112 69 113 74
112 75 117 76
112 78 112 89
112 90 112 101
112 102 114 105
112 108 113 113
112 121 113 126
112 127 117 128
112 133 112 140
112 147 123 147
112 148 123 148
112 150 117 151
112 176 112 187
112 188 123 188
112 193 112 204
112 216 113 221
112 223 123 223
112 225 113 230
112 231 123 231
112 235 112 246
113 2 114 7
113 15 113 26
113 27 116 29
113 41 118 42
113 46 118 47
113 48 118 49
113 50 124 50
113 53 113 64
113 78 113 89
113 90 114 95
113 96 115 99
113 100 118 101
113 114 114 119
113 133 113 144
113 152 114 157
113 158 114 163
113 164 124 164
113 176 113 187
113 193 116 195
113 196 113 207
113 208 116 210
113 232 118 233
113 235 113 246
113 247 124 247
114 15 114 26
114 30 115 35
114 53 114 64
114 66 125 66
114 69 115 74
114 77 114 88
114 89 125 89
114 108 115 113
114 121 115 126
114 129 114 140
114 141 116 144
114 172 117 174
114 176 114 187
114 196 114 207
114 216 115 221
114 225 115 230
114 234 114 245
114 246 125 246
114 248 119 249
115 0 115 7
115 12 115 23
115 24 118 26
115 53 115 64
115 77 115 88
115 90 116 95
115 102 116 107
115 114 116 119
115 129 115 140
115 152 115 163
115 165 118 167
115 176 115 187
115 190 120 191
115 196 116 201
115 202 116 207
115 211 117 214
115 234 116 239
115 241 117 244
115 245 126 245
116 0 117 5
116 6 121 7
116 12 117 17
116 18 117 23
116 30 116 39
116 43 121 44
116 52 116 63
116 64 127 64
116 69 117 74
116 77 116 88
116 96 118 99
116 108 117 113
116 121 117 126
116 129 116 140
116 145 121 146
116 152 116 163
116 170 121 171
116 176 116 187
116 215 117 220
116 221 127 221
116 225 117 230
117 9 120 11
117 27 118 32
117 33 118 38
117 39 128 39
117 52 117 63
117 77 117 88
117 90 118 95
117 102 118 107
117 114 118 119
117 129 117 140
117 141 120 143
117 144 128 144
117 152 117 163
117 176 117 187
117 192 117 203
117 204 118 209
117 210 128 210
117 234 118 239
117 240 128 240
118 0 119 5
118 12 118 23
118 51 118 62
118 63 129 63
118 67 118 78
118 79 118 88
118 108 119 113
118 121 118 132
118 133 118 140
118 149 118 160
118 161 121 163
118 172 121 174
118 176 118 187
118 189 129 189
118 192 118 203
118 211 118 220
118 222 129 222
118 225 119 230
118 241 120 244
119 12 119 23
119 24 119 35
119 36 122 38
119 41 130 41
119 42 130 42
119 46 122 48
119 49 130 49
119 51 120 56
119 57 120 62
119 67 119 78
119 79 120 84
119 85 121 88
119 90 119 101
119 102 120 107
119 114 124 115
119 117 122 119
119 121 119 132
119 133 120 138
119 139 124 140
119 149 119 160
119 165 122 167
119 176 119 187
119 192 119 203
119 204 120 209
119 211 119 220
119 232 120 237
119 238 124 239
120 0 121 5
120 12 120 23
120 24 120 35
120 40 131 40
120 45 131 45
120 67 120 78
120 90 120 101
120 108 121 113
120 116 131 116
120 121 120 132
120 149 121 154
120 155 121 160
120 175 120 186
120 187 131 187
120 192 120 203
120 211 120 220
120 224 121 229
120 230 131 230
120 248 125 249
121 8 121 19
121 20 121 31
121 35 132 35
121 51 124 53
121 54 122 59
121 60 124 62
121 67 121 78
121 79 122 84
121 90 121 101
121 102 122 107
121 121 121 132
121 133 122 138
121 141 124 143
121 175 121 186
121 190 121 201
121 202 122 207
121 208 126 209
121 211 122 216
121 217 123 220
121 232 122 237
121 241 123 244
122 0 125 2
122 3 125 5
122 6 122 17
122 18 122 29
122 30 123 34
122 43 127 44
122 67 122 78
122 85 124 88
122 90 122 101
122 108 123 113
122 121 122 132
122 145 127 146
122 149 122 160
122 161 125 163
122 169 122 180
122 181 124 184
122 185 127 186
122 190 122 201
122 224 123 229
123 6 123 17
123 18 123 29
123 36 126 38
123 46 128 47
123 48 134 48
123 54 124 59
123 67 123 78
123 79 124 84
123 90 123 101
123 102 124 107
123 117 124 122
123 123 124 128
123 129 123 138
123 149 123 160
123 165 123 176
123 177 125 180
123 190 123 201
123 202 124 207
123 211 125 214
123 215 128 216
123 232 124 237
124 6 125 11
124 12 125 17
124 18 126 21
124 22 125 27
124 28 125 33
124 34 135 34
124 65 135 65
124 67 124 78
124 90 125 95
124 96 129 97
124 98 135 98
124 99 127 101
124 108 126 111
124 112 129 113
124 129 124 138
124 147 124 158
124 159 129 160
124 165 124 176
124 190 125 195
124 196 125 201
124 217 126 220
124 223 125 228
124 231 135 231
124 241 126 244
125 50 126 55
125 56 126 61
125 62 136 62
125 67 127 70
125 71 126 76
125 77 125 88
125 102 126 107
125 114 130 115
125 117 125 128
125 129 125 140
125 141 128 143
125 147 125 158
125 164 125 175
125 176 136 176
125 181 127 184
125 202 126 207
125 232 126 237
125 238 130 239
125 247 136 247
126 0 127 5
126 6 126 17
126 22 127 27
126 28 127 33
126 77 129 79
126 80 126 91
126 92 128 95
126 117 126 128
126 129 126 140
126 147 126 158
126 161 126 172
126 173 129 175
126 177 128 180
126 190 126 201
126 211 128 214
126 223 127 228
126 246 137 246
126 248 131 249
127 6 127 17
127 18 129 21
127 36 138 36
127 37 132 38
127 50 127 61
127 71 129 74
127 75 132 76
127 80 128 85
127 86 129 89
127 90 132 91
127 102 127 111
127 117 127 128
127 129 127 140
127 147 127 158
127 161 127 172
127 188 138 188
127 190 128 195
127 196 127 207
127 208 132 209
127 217 129 220
127 229 138 229
127 232 128 237
127 241 129 244
127 245 138 245
128 0 128 11
128 12 129 17
128 22 128 33
128 43 133 44
128 50 128 61
128 64 139 64
128 66 130 69
128 70 139 70
128 99 128 110
128 111 139 111
128 117 128 128
128 129 128 140
128 145 128 156
128 157 133 158
128 161 128 172
128 181 129 186
128 196 128 207
128 221 139 221
128 223 129 228
129 0 130 5
129 6 130 11
129 22 129 33
129 39 140 39
129 46 134 47
129 50 129 61
129 80 130 85
129 92 131 95
129 99 129 110
129 117 129 128
129 129 130 134
129 135 129 146
129 147 130 152
129 153 131 156
129 161 129 172
129 177 131 180
129 190 129 201
129 202 130 207
129 210 130 215
129 216 140 216
129 232 131 235
129 236 134 237
129 240 140 240
130 12 133 14
130 15 132 18
130 19 141 19
130 20 131 25
130 26 130 33
130 50 130 61
130 63 141 63
130 71 133 73
130 74 141 74
130 77 133 79
130 86 132 89
130 96 135 97
130 99 130 110
130 112 135 113
130 117 130 128
130 135 131 140
130 141 131 146
130 159 130 170
130 171 135 172
130 173 133 175
130 181 131 186
130 189 130 200
130 201 141 201
130 217 132 220
130 222 131 227
130 228 141 228
130 241 132 244
131 0 131 11
131 26 132 31
131 32 136 33
131 41 136 42
131 49 131 60
131 61 142 61
131 66 134 68
131 69 142 69
131 80 132 85
131 99 131 110
131 114 142 114
131 117 132 122
131 123 132 128
131 129 136 130
131 131 136 132
131 133 142 133
131 147 132 152
131 159 131 170
131 189 131 200
131 202 132 207
131 210 132 215
131 238 136 239
132 0 132 11
132 20 134 23
132 24 137 25
132 40 143 40
132 45 143 45
132 49 132 60
132 92 135 94
132 95 143 95
132 99 132 110
132 115 137 116
132 134 132 145
132 146 143 146
132 153 134 156
132 159 133 164
132 165 133 170
132 177 133 182
132 183 133 187
132 189 132 200
132 222 134 225
132 226 137 227
132 230 143 230
132 232 134 235
132 248 137 249
133 0 134 5
133 6 134 11
133 15 135 18
133 26 135 29
133 30 138 31
133 35 144 35
133 37 138 38
133 49 133 60
133 75 138 76
133 80 144 80
133 81 134 86
133 87 135 90
133 99 133 110
133 117 133 128
133 134 133 145
133 147 134 152
133 189 133 200
133 202 133 213
133 214 138 215
133 217 135 220
133 241 136 243
133 244 144 244
134 12 137 14
134 43 139 44
134 49 134 60
134 71 137 73
134 77 137 79
134 99 134 110
134 117 134 128
134 134 135 139
134 140 136 143
134 144 145 144
134 157 134 168
134 169 145 169
134 170 145 170
134 173 137 175
134 177 134 187
134 189 134 200
134 202 136 205
134 206 136 209
134 210 136 213
135 0 135 11
135 20 138 22
135 23 146 23
135 46 135 57
135 58 138 60
135 66 146 66
135 67 146 67
135 68 146 68
135 81 136 86
135 99 135 110
135 117 135 128
135 147 135 158
135 159 135 168
135 177 136 182
135 183 137 186
135 187 146 187
135 189 135 200
135 222 137 225
135 232 136 237
136 0 136 11
136 15 138 18
136 26 138 29
136 34 147 34
136 46 138 49
136 50 137 55
136 56 141 57
136 65 147 65
136 87 138 90
136 91 138 94
136 96 136 107
136 108 147 108
136 109 147 109
136 112 141 113
136 117 138 120
136 121 141 122
136 123 138 126
136 127 141 128
136 134 137 139
136 147 136 158
136 159 136 168
136 171 141 172
136 189 137 194
136 195 147 195
136 196 139 198
136 199 141 200
136 217 138 220
137 0 137 11
137 41 142 42
137 62 148 62
137 81 138 86
137 96 137 107
137 129 139 132
137 140 139 143
137 147 137 158
137 159 139 162
137 163 138 168
137 176 138 181
137 182 148 182
137 202 137 213
137 231 137 239
137 241 140 243
137 247 148 247
138 0 138 11
138 12 141 14
138 24 143 25
138 32 149 32
138 50 139 55
138 71 141 73
138 77 141 79
138 96 141 98
138 99 143 100
138 101 139 106
138 107 149 107
138 115 143 116
138 134 139 139
138 147 141 149
138 151 140 154
138 157 143 158
138 173 141 175
138 183 140 186
138 189 140 192
138 193 149 193
138 194 149 194
138 202 138 213
138 222 140 225
138 226 143 227
138 231 139 236
138 237 149 237
138 238 143 239
138 246 149 246
138 248 143 249
139 0 139 11
139 15 141 18
139 20 142 22
139 26 140 31
139 36 142 38
139 46 141 49
139 58 142 60
139 75 144 76
139 81 139 92
139 93 144 94
139 117 141 120
139 123 141 126
139 145 150 145
139 163 141 166
139 167 144 168
139 176 140 181
139 188 150 188
139 202 139 213
139 214 144 215
139 217 141 220
139 229 150 229
140 0 140 11
140 43 145 44
140 50 142 53
140 54 145 55
140 64 151 64
140 70 151 70
140 81 140 92
140 101 141 106
140 129 142 132
140 134 140 143
140 155 145 156
140 159 142 162
140 196 143 198
140 202 140 213
140 221 151 221
140 231 141 236
140 245 151 245
141 0 141 11
141 26 142 31
141 39 152 39
141 81 141 92
141 111 152 111
141 134 141 143
141 150 142 154
141 176 142 181
141 183 143 186
141 189 143 192
141 202 141 213
141 216 152 216
141 222 143 225
141 240 143 243
142 0 142 11
142 12 142 19
142 33 153 33
142 46 144 49
142 56 147 57
142 63 153 63
142 71 144 74
142 77 145 79
142 81 142 92
142 96 145 98
142 101 143 106
142 112 147 113
142 117 142 128
142 134 143 139
142 140 144 143
142 147 145 149
142 163 144 166
142 171 143 175
142 199 142 210
142 211 147 212
142 213 153 213
142 217 144 220
142 228 153 228
142 231 143 236
143 0 143 11
143 12 143 22
143 26 144 31
143 36 146 38
143 41 148 42
143 50 145 53
143 58 145 61
143 81 143 92
143 114 154 114
143 117 143 128
143 129 144 133
143 150 144 154
143 159 145 162
143 176 144 181
143 199 143 210
144 0 144 11
144 12 144 22
144 24 149 25
144 45 155 45
144 81 146 84
144 85 145 90
144 91 155 91
144 92 155 92
144 95 155 95
144 99 145 104
144 105 149 106
144 115 144 126
144 127 149 128
144 134 145 139
144 146 155 146
144 157 149 158
144 171 145 175
144 183 146 186
144 189 146 192
144 196 144 207
144 208 147 210
144 222 145 227
144 230 147 232
144 233 146 236
144 238 145 243
144 248 149 249
145 0 145 11
145 12 146 17
145 18 147 21
145 22 156 22
145 26 146 31
145 40 156 40
145 46 147 49
145 69 156 69
145 71 146 76
145 80 156 80
145 93 150 94
145 115 146 120
145 121 150 122
145 123 147 126
145 129 146 133
145 140 147 143
145 150 146 154
145 163 146 168
145 176 147 179
145 180 156 180
145 196 145 207
145 214 150 215
145 217 147 220
146 0 146 11
146 43 151 44
146 50 147 55
146 58 148 61
146 77 149 79
146 85 147 90
146 96 147 101
146 102 149 104
146 134 147 139
146 144 157 144
146 147 149 149
146 155 157 155
146 159 148 162
146 169 147 174
146 175 157 175
146 196 146 207
146 222 147 227
146 238 147 243
147 0 147 11
147 12 148 17
147 23 158 23
147 26 148 31
147 35 150 37
147 38 158 38
147 66 150 68
147 71 148 76
147 81 149 84
147 115 148 120
147 129 150 131
147 132 152 133
147 150 148 154
147 163 148 168
147 183 149 186
147 187 158 187
147 189 149 192
147 196 147 207
147 233 149 236
148 0 148 11
148 18 150 21
148 34 159 34
148 46 148 57
148 85 151 87
148 88 151 90
148 96 149 101
148 108 151 110
148 112 153 113
148 123 151 125
148 126 159 126
148 134 148 143
148 169 149 174
148 176 150 179
148 195 149 200
148 201 149 206
148 207 149 212
148 217 150 220
148 222 159 222
148 224 150 227
148 230 151 232
148 238 149 243
149 0 149 11
149 12 150 17
149 26 150 31
149 41 154 42
149 46 149 57
149 58 150 62
149 71 150 76
149 115 150 120
149 134 150 139
149 140 151 143
149 150 152 152
149 153 154 154
149 156 160 156
149 159 149 168
149 181 154 182
149 247 160 247
150 0 151 5
150 6 151 11
150 24 155 25
150 32 161 32
150 46 150 57
150 65 161 65
150 78 155 79
150 81 152 84
150 96 150 107
150 127 155 128
150 147 155 148
150 157 152 160
150 161 151 166
150 167 151 172
150 173 155 174
150 183 152 186
150 189 150 200
150 201 150 212
150 233 151 238
150 239 151 244
150 246 161 246
150 248 155 249
151 12 152 17
151 18 153 21
151 26 152 31
151 35 154 37
151 46 151 57
151 58 152 62
151 66 154 68
151 71 152 76
151 93 162 93
151 94 162 94
151 96 151 107
151 115 151 122
151 129 154 131
151 134 153 137
151 138 156 139
151 145 162 145
151 176 153 179
151 188 151 199
151 200 151 211
151 212 162 212
151 214 156 215
151 217 153 220
151 223 152 227
151 229 162 229
152 0 152 11
152 43 157 44
152 46 153 51
152 52 153 57
152 64 163 64
152 70 163 70
152 85 153 90
152 96 153 101
152 102 153 107
152 108 155 110
152 115 152 125
152 140 154 143
152 149 163 149
152 161 152 172
152 188 152 199
152 200 152 211
152 221 163 221
152 230 153 235
152 236 152 245
153 0 153 11
153 12 154 17
153 26 154 31
153 39 164 39
153 58 154 62
153 71 154 76
153 77 164 77
153 81 155 84
153 111 164 111
153 115 153 125
153 132 158 133
153 150 156 152
153 157 153 168
153 169 155 172
153 183 155 186
153 188 153 199
153 200 153 211
153 216 164 216
153 223 155 226
153 227 164 227
153 236 153 245
154 0 154 11
154 18 156 21
154 33 165 33
154 46 154 57
154 63 165 63
154 85 155 90
154 96 154 107
154 112 159 113
154 115 154 125
154 134 156 137
154 157 154 168
154 176 156 179
154 188 155 193
154 194 154 205
154 206 155 211
154 213 165 213
154 217 156 220
154 228 165 228
154 230 154 241
154 242 156 245
155 0 156 5
155 6 155 17
155 26 156 31
155 35 158 37
155 41 166 41
155 46 155 57
155 58 156 62
155 66 158 68
155 71 156 76
155 96 155 107
155 114 155 125
155 129 158 131
155 142 160 143
155 153 160 154
155 157 155 168
155 181 160 182
155 194 156 199
155 200 156 205
155 230 156 235
155 236 166 236
155 237 160 238
155 239 158 241
156 6 156 17
156 24 161 25
156 45 156 56
156 57 167 57
156 79 167 79
156 81 156 92
156 95 156 106
156 107 158 110
156 114 156 125
156 127 161 128
156 140 167 140
156 146 159 148
156 157 157 162
156 163 156 174
156 183 158 186
156 188 157 193
156 206 157 211
156 223 158 226
156 248 161 249
157 0 157 11
157 12 157 22
157 26 158 31
157 45 158 50
157 51 158 56
157 58 158 62
157 69 168 69
157 71 159 74
157 75 168 75
157 80 157 91
157 92 168 92
157 95 157 106
157 114 157 125
157 134 158 139
157 150 160 152
157 163 157 174
157 176 159 179
157 180 168 180
157 194 158 199
157 200 159 203
157 204 162 205
157 214 162 215
157 217 159 220
157 230 158 235
157 242 159 245
158 0 158 11
158 12 158 22
158 42 161 44
158 80 158 91
158 95 158 106
158 114 158 125
158 144 169 144
158 155 169 155
158 157 158 168
158 169 159 174
158 175 169 175
158 188 159 193
158 206 159 211
159 0 162 2
159 3 159 14
159 15 159 23
159 26 160 31
159 35 161 38
159 40 170 40
159 45 159 56
159 58 160 62
159 66 162 68
159 76 170 76
159 80 159 91
159 95 159 106
159 107 161 110
159 114 160 119
159 120 162 122
159 123 162 125
159 129 159 139
159 157 159 168
159 183 161 186
159 187 170 187
159 194 160 199
159 223 162 225
159 226 170 226
159 230 160 235
159 239 162 241
160 3 160 14
160 15 162 18
160 19 161 23
160 34 171 34
160 45 160 56
160 71 162 74
160 80 160 91
160 95 160 106
160 112 165 113
160 126 171 126
160 129 160 139
160 146 163 148
160 157 160 168
160 169 161 174
160 176 162 179
160 188 161 193
160 201 163 203
160 206 161 211
160 217 162 220
160 222 171 222
160 242 162 245
161 3 161 14
161 26 162 31
161 45 161 56
161 58 164 60
161 61 166 62
161 78 172 78
161 80 161 91
161 95 161 106
161 114 162 119
161 129 161 139
161 141 164 143
161 150 162 154
161 156 162 161
161 162 163 165
161 166 164 168
161 181 166 182
161 194 162 199
161 200 172 200
161 230 162 235
161 237 166 238
161 247 172 247
162 3 162 14
162 19 163 24
162 25 173 25
162 35 164 38
162 42 162 53
162 54 165 56
162 65 173 65
162 80 162 91
162 95 162 106
162 107 164 110
162 127 162 138
162 139 173 139
162 169 164 172
162 174 173 174
162 183 164 186
162 188 163 193
162 206 163 211
162 246 173 246
162 248 167 249
163 0 163 11
163 12 164 17
163 18 174 18
163 26 164 31
163 42 164 47
163 48 166 50
163 51 168 52
163 53 174 53
163 66 166 68
163 71 165 74
163 80 165 83
163 84 164 89
163 90 168 91
163 93 163 104
163 105 168 106
163 114 163 125
163 127 163 138
163 145 174 145
163 150 164 154
163 156 164 161
163 176 165 179
163 194 164 199
163 204 168 205
163 214 168 215
163 217 165 220
163 223 166 225
163 229 164 234
163 235 174 235
163 239 164 244
163 245 174 245
164 0 165 5
164 6 167 8
164 9 167 11
164 19 165 24
164 64 175 64
164 93 164 104
164 114 164 125
164 127 164 138
164 146 166 149
164 162 167 164
164 165 175 165
164 188 165 193
164 201 169 202
164 203 175 203
164 206 165 211
164 221 175 221
165 12 166 17
165 26 166 31
165 35 167 38
165 42 166 47
165 58 176 58
165 59 170 60
165 70 176 70
165 77 176 77
165 84 166 89
165 93 166 98
165 99 166 104
165 107 166 111
165 114 165 125
165 127 165 138
165 141 168 143
165 150 166 154
165 156 166 161
165 166 166 171
165 172 170 173
165 183 167 186
165 194 167 197
165 198 170 199
165 229 166 234
165 239 166 244
166 0 167 5
166 19 167 24
166 39 177 39
166 54 169 56
166 71 168 74
166 80 169 82
166 83 177 83
166 112 167 117
166 118 167 123
166 125 177 125
166 127 166 138
166 176 168 179
166 188 167 193
166 206 168 209
166 210 168 213
166 216 167 220
166 227 171 228
167 12 168 17
167 26 168 31
167 41 168 46
167 47 169 50
167 61 170 63
167 66 170 68
167 84 168 89
167 93 167 104
167 107 168 111
167 127 167 138
167 146 167 154
167 156 168 161
167 166 169 169
167 170 172 171
167 181 172 182
167 223 170 225
167 229 168 234
167 236 167 244
168 0 168 11
168 19 169 24
168 32 179 32
168 35 170 38
168 57 179 57
168 79 179 79
168 93 168 104
168 112 168 123
168 127 169 132
168 133 171 135
168 136 171 138
168 146 169 151
168 152 171 154
168 162 171 164
168 183 170 186
168 188 168 197
168 216 170 219
168 220 179 220
168 236 168 244
168 248 173 249
169 0 169 11
169 12 174 13
169 14 172 16
169 26 170 31
169 41 170 46
169 51 174 52
169 69 180 69
169 71 170 75
169 84 171 87
169 88 170 93
169 94 169 105
169 106 170 111
169 112 169 123
169 140 171 143
169 156 170 161
169 176 170 180
169 188 169 197
169 204 169 215
169 229 170 234
169 236 170 241
169 242 174 243
169 244 180 244
170 0 170 11
170 19 171 24
170 47 172 50
170 54 173 56
170 80 175 81
170 82 181 82
170 94 170 105
170 112 170 123
170 124 181 124
170 127 171 132
170 144 181 144
170 146 171 151
170 155 181 155
170 166 172 169
170 175 181 175
170 188 170 197
170 201 175 202
170 204 170 215
171 0 171 11
171 26 172 31
171 35 173 38
171 40 172 45
171 46 182 46
171 59 173 62
171 63 182 63
171 66 174 68
171 71 172 76
171 88 171 99
171 100 172 105
171 106 171 117
171 118 172 123
171 156 172 161
171 172 176 173
171 176 173 179
171 180 182 180
171 183 171 194
171 195 172 199
171 204 172 209
171 210 172 215
171 216 173 219
171 223 173 226
171 229 172 234
171 236 173 239
171 240 176 241
172 0 172 11
172 19 173 24
172 34 183 34
172 84 173 89
172 90 172 99
172 106 172 117
172 126 172 137
172 138 183 138
172 140 174 143
172 146 172 154
172 162 175 164
172 183 172 194
172 222 183 222
172 228 183 228
173 0 173 11
173 14 175 17
173 26 174 31
173 40 174 45
173 47 175 50
173 71 174 76
173 90 174 95
173 96 175 99
173 100 173 111
173 112 174 117
173 118 174 123
173 126 173 137
173 146 173 154
173 156 176 158
173 159 176 161
173 166 174 171
173 181 175 184
173 185 174 190
173 191 175 194
173 195 174 200
173 204 173 215
173 229 174 234
173 247 184 247
174 0 174 11
174 19 175 24
174 33 185 33
174 35 176 38
174 54 177 56
174 59 176 62
174 65 185 65
174 78 185 78
174 84 175 89
174 100 174 111
174 126 174 137
174 139 185 139
174 146 174 154
174 174 185 174
174 176 176 179
174 204 174 215
174 216 176 219
174 223 176 226
174 236 176 239
174 246 185 246
174 248 185 248
174 249 185 249
175 0 175 11
175 12 180 13
175 18 186 18
175 25 176 30
175 31 186 31
175 40 176 45
175 51 178 53
175 66 178 68
175 71 176 76
175 90 177 93
175 94 180 95
175 100 175 111
175 112 175 123
175 126 175 137
175 140 177 143
175 145 176 150
175 151 180 152
175 154 186 154
175 166 176 171
175 185 176 190
175 195 176 200
175 204 175 215
175 229 176 234
175 235 186 235
175 242 180 243
175 245 186 245
176 0 176 11
176 14 178 17
176 19 177 24
176 47 181 48
176 50 187 50
176 64 187 64
176 80 181 81
176 84 177 89
176 96 176 107
176 108 176 119
176 120 178 123
176 126 176 137
176 162 178 165
176 181 178 184
176 191 178 194
176 201 176 212
176 213 181 214
176 215 187 215
176 221 187 221
177 0 177 11
177 25 178 30
177 35 179 38
177 40 178 45
177 49 188 49
177 58 180 60
177 61 182 62
177 70 178 75
177 76 182 77
177 96 177 107
177 108 177 119
177 126 177 137
177 145 178 150
177 156 178 161
177 166 178 171
177 172 182 173
177 176 179 179
177 185 179 188
177 189 182 190
177 195 177 206
177 207 178 212
177 216 179 219
177 223 178 227
177 229 178 234
177 236 178 241
178 0 178 11
178 19 179 24
178 39 189 39
178 54 183 55
178 56 189 56
178 83 178 93
178 96 178 107
178 108 178 119
178 125 178 136
178 137 189 137
178 140 180 143
178 153 189 153
178 195 178 206
179 0 179 11
179 14 184 15
179 16 184 17
179 25 180 30
179 40 180 45
179 51 182 53
179 66 182 68
179 70 180 75
179 83 179 93
179 96 179 107
179 108 179 119
179 120 181 123
179 125 180 130
179 131 181 134
179 135 184 136
179 145 180 150
179 156 179 167
179 168 181 171
179 181 181 184
179 191 179 202
179 203 181 206
179 207 180 212
179 223 180 227
179 229 180 234
179 236 180 241
180 0 180 11
180 19 182 22
180 23 185 24
180 32 191 32
180 35 182 38
180 57 191 57
180 79 191 79
180 83 180 93
180 96 180 107
180 108 180 119
180 156 180 167
180 176 182 179
180 185 182 188
180 191 180 202
180 216 191 216
180 217 182 220
181 0 181 11
181 12 186 13
181 25 182 30
181 40 186 41
181 42 186 43
181 44 192 44
181 45 192 45
181 58 186 59
181 69 182 74
181 75 192 75
181 83 181 94
181 95 181 106
181 107 181 118
181 119 192 119
181 125 182 130
181 140 183 143
181 145 182 150
181 151 186 152
181 156 181 167
181 191 183 194
181 195 182 200
181 201 186 202
181 207 182 212
181 223 182 227
181 229 182 234
181 236 182 241
181 242 184 244
182 0 182 11
182 48 193 48
182 80 182 91
182 92 182 103
182 104 182 115
182 116 185 118
182 120 184 123
182 124 193 124
182 131 187 132
182 133 187 134
182 144 193 144
182 155 182 166
182 167 183 171
182 175 193 175
182 181 184 184
182 203 184 206
182 213 187 214
183 0 183 11
183 19 185 22
183 25 184 30
183 35 185 38
183 46 188 47
183 51 186 53
183 60 194 60
183 61 186 63
183 66 184 71
183 72 186 74
183 76 188 77
183 80 183 91
183 92 183 103
183 104 184 109
183 110 184 115
183 125 184 130
183 145 184 150
183 155 183 166
183 172 194 172
183 173 194 173
183 176 184 180
183 185 184 190
183 195 184 200
183 207 184 212
183 217 185 220
183 224 185 227
183 229 184 234
183 236 184 241
184 0 185 5
184 6 189 7
184 8 186 11
184 34 195 34
184 54 189 55
184 80 186 83
184 84 184 95
184 96 185 101
184 102 195 102
184 138 195 138
184 140 186 143
184 155 184 166
184 167 185 171
184 191 186 194
184 222 189 223
185 14 187 17
185 25 186 30
185 66 186 71
185 84 185 95
185 103 185 114
185 115 196 115
185 120 187 123
185 125 186 130
185 135 190 136
185 145 186 150
185 155 185 166
185 176 185 187
185 188 188 190
185 195 186 200
185 203 185 212
185 228 186 233
185 234 196 234
185 236 185 244
185 247 196 247
186 0 187 5
186 19 187 24
186 33 197 33
186 35 188 38
186 78 197 78
186 84 186 95
186 96 187 101
186 103 186 114
186 116 189 118
186 139 197 139
186 155 186 166
186 167 188 170
186 171 197 171
186 174 197 174
186 176 186 187
186 203 186 212
186 217 188 220
186 224 197 224
186 225 197 225
186 226 191 227
186 236 186 244
186 246 197 246
186 248 191 249
187 8 188 13
187 25 188 30
187 31 198 31
187 40 189 43
187 51 190 53
187 58 192 59
187 61 190 63
187 65 188 70
187 71 189 74
187 80 187 91
187 92 190 94
187 95 198 95
187 103 187 114
187 125 188 130
187 140 189 143
187 145 188 150
187 151 192 152
187 154 187 165
187 176 187 187
187 191 187 202
187 203 187 212
187 228 188 233
187 235 187 245
188 0 189 5
188 14 188 24
188 50 199 50
188 64 199 64
188 80 188 91
188 96 189 101
188 103 188 114
188 120 190 123
188 131 190 134
188 154 188 165
188 176 188 187
188 191 188 202
188 203 188 214
188 215 199 215
188 221 199 221
188 235 188 245
189 8 189 19
189 20 189 30
189 35 194 36
189 37 194 38
189 46 194 47
189 49 199 49
189 65 190 70
189 76 194 77
189 80 189 91
189 103 189 114
189 125 190 130
189 145 190 150
189 154 189 165
189 166 190 170
189 176 189 187
189 188 189 199
189 200 189 211
189 212 192 214
189 217 191 220
189 228 190 233
189 235 189 245
190 0 190 11
190 12 190 23
190 24 191 29
190 30 199 30
190 39 191 43
190 54 193 56
190 71 193 73
190 80 191 85
190 86 191 91
190 96 191 101
190 103 191 108
190 109 192 112
190 113 195 114
190 116 195 117
190 118 199 118
190 137 199 137
190 140 192 143
190 153 190 164
190 176 190 187
190 188 190 199
190 200 190 211
190 222 195 223
190 235 190 245
191 0 191 11
191 12 192 17
191 18 192 23
191 51 194 53
191 61 194 63
191 65 192 70
191 92 194 94
191 120 193 123
191 125 191 136
191 145 192 150
191 153 191 164
191 165 192 170
191 176 192 181
191 182 192 187
191 188 192 193
191 194 191 205
191 206 192 211
191 228 192 233
191 235 192 240
191 241 194 243
191 244 196 245
192 0 192 11
192 24 193 29
192 32 199 32
192 39 193 43
192 79 192 90
192 91 199 91
192 96 193 101
192 103 193 108
192 125 192 136
192 153 192 164
192 194 192 205
192 216 193 220
192 226 197 227
192 248 197 249
193 0 193 11
193 12 193 23
193 57 196 59
193 65 194 70
193 74 198 75
193 79 193 90
193 109 195 112
193 125 193 136
193 140 195 143
193 145 193 156
193 157 193 168
193 169 198 170
193 176 193 187
193 188 194 193
193 194 193 205
193 206 193 214
193 228 194 233
193 235 194 240
194 0 194 11
194 12 194 23
194 24 195 29
194 39 195 44
194 54 197 56
194 71 197 73
194 79 194 90
194 96 196 99
194 100 199 101
194 103 195 108
194 119 194 130
194 131 196 134
194 135 199 136
194 144 195 149
194 150 194 161
194 162 195 167
194 175 194 186
194 194 194 205
194 206 195 211
194 212 197 214
194 216 199 217
194 219 199 220
195 0 195 11
195 12 195 23
195 35 197 38
195 45 197 48
195 51 198 53
195 60 197 63
195 65 196 70
195 76 199 77
195 79 196 84
195 85 198 87
195 88 198 90
195 92 198 94
195 119 195 130
195 150 195 161
195 175 195 186
195 187 196 192
195 193 195 204
195 228 196 233
195 235 195 243
196 0 197 5
196 6 196 17
196 18 196 29
196 39 197 44
196 102 196 113
196 119 196 130
196 140 197 145
196 146 197 151
196 152 197 157
196 158 197 163
196 164 197 168
196 175 196 186
196 193 197 198
196 199 196 210
196 235 196 243
197 6 197 17
197 18 197 29
197 65 198 70
197 102 197 113
197 114 199 117
197 119 197 130
197 131 199 134
197 175 197 186
197 187 198 192
197 199 198 204
197 205 198 210
197 228 197 239
197 240 198 245
198 0 198 11
198 12 199 17
198 21 199 26
198 33 198 44
198 54 198 63
198 102 198 113
198 119 198 130
198 138 198 149
198 150 198 161
198 162 199 167
198 171 198 182
198 183 199 186
198 193 199 198
198 211 199 214
198 222 198 233
198 234 199 239
199 33 199 44
199 51 199 62
199 65 199 75
199 102 199 113
199 119 199 130
199 138 199 149
199 150 199 161
199 168 199 179
199 199 199 210
199 222 199 233
